{
"lowlevel": {
    "average_loudness": 0.825934350491,
    "barkbands_crest": {
        "dmean": 2.78524971008,
        "dmean2": 4.68837165833,
        "dvar": 5.46986865997,
        "dvar2": 14.9833250046,
        "max": 23.2671318054,
        "mean": 9.2015838623,
        "median": 8.70584774017,
        "min": 2.24333643913,
        "stdev": 3.33869051933,
        "var": 11.1468544006
    },
    "barkbands_flatness_db": {
        "dmean": 0.0227892678231,
        "dmean2": 0.0368549712002,
        "dvar": 0.000422133161919,
        "dvar2": 0.00104185414966,
        "max": 0.327715724707,
        "mean": 0.12003262341,
        "median": 0.1148603037,
        "min": 0.0247403346002,
        "stdev": 0.0426903665066,
        "var": 0.00182246731129
    },
    "barkbands_kurtosis": {
        "dmean": 3.02411580086,
        "dmean2": 4.9744181633,
        "dvar": 22.4931640625,
        "dvar2": 57.0632209778,
        "max": 86.8690872192,
        "mean": 3.46795868874,
        "median": 1.3944568634,
        "min": -1.94779014587,
        "stdev": 6.44686603546,
        "var": 41.562084198
    },
    "barkbands_skewness": {
        "dmean": 0.633839607239,
        "dmean2": 1.01766169071,
        "dvar": 0.383348435163,
        "dvar2": 0.951997280121,
        "max": 8.4986000061,
        "mean": 1.56929647923,
        "median": 1.43142163754,
        "min": -2.77634239197,
        "stdev": 1.14099085331,
        "var": 1.30186009407
    },
    "barkbands_spread": {
        "dmean": 7.66218614578,
        "dmean2": 12.2065496445,
        "dvar": 71.5288543701,
        "dvar2": 165.528381348,
        "max": 106.114227295,
        "mean": 27.4562683105,
        "median": 25.4033870697,
        "min": 1.4441934824,
        "stdev": 15.4428491592,
        "var": 238.4815979
    },
    "dissonance": {
        "dmean": 0.012653959915,
        "dmean2": 0.0212334673852,
        "dvar": 0.000176395915332,
        "dvar2": 0.00046014614054,
        "max": 0.500000178814,
        "mean": 0.475351899862,
        "median": 0.482293814421,
        "min": 0.298772037029,
        "stdev": 0.0222258530557,
        "var": 0.000493988511153
    },
    "dynamic_complexity": 3.55735707283,
    "erbbands_crest": {
        "dmean": 2.07300615311,
        "dmean2": 3.42830491066,
        "dvar": 3.89268875122,
        "dvar2": 10.0685930252,
        "max": 28.4151420593,
        "mean": 7.15202474594,
        "median": 6.322245121,
        "min": 2.32289481163,
        "stdev": 3.27532434464,
        "var": 10.7277498245
    },
    "erbbands_flatness_db": {
        "dmean": 0.0131683358923,
        "dmean2": 0.0202177427709,
        "dvar": 0.000147583865328,
        "dvar2": 0.000326549517922,
        "max": 0.336680829525,
        "mean": 0.141729682684,
        "median": 0.125229164958,
        "min": 0.053096819669,
        "stdev": 0.0500111542642,
        "var": 0.00250111543573
    },
    "erbbands_kurtosis": {
        "dmean": 0.650991141796,
        "dmean2": 1.05271351337,
        "dvar": 0.782016217709,
        "dvar2": 1.89910900593,
        "max": 29.4801368713,
        "mean": -0.0917041525245,
        "median": -0.513378858566,
        "min": -1.81643521786,
        "stdev": 1.71569037437,
        "var": 2.94359350204
    },
    "erbbands_skewness": {
        "dmean": 0.313019007444,
        "dmean2": 0.490165024996,
        "dvar": 0.0821078270674,
        "dvar2": 0.187996163964,
        "max": 3.69020748138,
        "mean": -0.0111074689776,
        "median": -0.0297709405422,
        "min": -3.64340162277,
        "stdev": 0.705339193344,
        "var": 0.497503399849
    },
    "erbbands_spread": {
        "dmean": 9.95733833313,
        "dmean2": 15.9689121246,
        "dvar": 103.761459351,
        "dvar2": 261.83782959,
        "max": 146.340072632,
        "mean": 49.1708297729,
        "median": 48.1413841248,
        "min": 2.60333037376,
        "stdev": 22.5416889191,
        "var": 508.1277771
    },
    "hfc": {
        "dmean": 5.81734800339,
        "dmean2": 9.07290744781,
        "dvar": 70.6625366211,
        "dvar2": 159.505340576,
        "max": 164.248596191,
        "mean": 23.1648406982,
        "median": 18.657875061,
        "min": 1.10275914235e-16,
        "stdev": 19.1095237732,
        "var": 365.173919678
    },
    "loudness_ebu128": {
        "integrated": -7.75669384003,
        "loudness_range": 10.1516418457,
        "momentary": {
            "dmean": 0.496297210455,
            "dmean2": 0.555869460106,
            "dvar": 0.351172953844,
            "dvar2": 0.352132558823,
            "max": -3.66948747635,
            "mean": -9.97797107697,
            "median": -8.01909255981,
            "min": -81.5810470581,
            "stdev": 6.67354106903,
            "var": 44.536151886
        },
        "short_term": {
            "dmean": 0.0863620936871,
            "dmean2": 0.0715013518929,
            "dvar": 0.0171525292099,
            "dvar2": 0.0113651584834,
            "max": -4.42113018036,
            "mean": -9.3267250061,
            "median": -8.09879493713,
            "min": -36.424446106,
            "stdev": 4.42192792892,
            "var": 19.5534477234
        }
    },
    "melbands_crest": {
        "dmean": 4.09086513519,
        "dmean2": 6.84720802307,
        "dvar": 11.1441869736,
        "dvar2": 30.3241577148,
        "max": 31.3766727448,
        "mean": 14.9480705261,
        "median": 14.5266714096,
        "min": 1.00336253643,
        "stdev": 5.19512319565,
        "var": 26.9893074036
    },
    "melbands_flatness_db": {
        "dmean": 0.0302539840341,
        "dmean2": 0.0486287809908,
        "dvar": 0.000728336104658,
        "dvar2": 0.00181601778604,
        "max": 0.427681267262,
        "mean": 0.181777358055,
        "median": 0.175148561597,
        "min": 1.68258992517e-07,
        "stdev": 0.0543154627085,
        "var": 0.00295016961172
    },
    "melbands_kurtosis": {
        "dmean": 10.4730768204,
        "dmean2": 17.2565441132,
        "dvar": 260.139282227,
        "dvar2": 661.373901367,
        "max": 262.903717041,
        "mean": 17.2051410675,
        "median": 10.2165269852,
        "min": -1.81048512459,
        "stdev": 21.4583263397,
        "var": 460.459777832
    },
    "melbands_skewness": {
        "dmean": 0.982467114925,
        "dmean2": 1.58816897869,
        "dvar": 1.00921404362,
        "dvar2": 2.54281425476,
        "max": 14.1183185577,
        "mean": 3.17728233337,
        "median": 2.94895553589,
        "min": -2.40487718582,
        "stdev": 1.89646995068,
        "var": 3.59659838676
    },
    "melbands_spread": {
        "dmean": 9.04792690277,
        "dmean2": 14.4936981201,
        "dvar": 113.682571411,
        "dvar2": 261.175537109,
        "max": 220.158630371,
        "mean": 24.7663631439,
        "median": 20.9645881653,
        "min": 1.18361091614,
        "stdev": 17.742647171,
        "var": 314.801544189
    },
    "pitch_salience": {
        "dmean": 0.0894798710942,
        "dmean2": 0.150026142597,
        "dvar": 0.00566796213388,
        "dvar2": 0.0158769004047,
        "max": 0.995892047882,
        "mean": 0.574796974659,
        "median": 0.585353374481,
        "min": 0.151609659195,
        "stdev": 0.11752744019,
        "var": 0.0138126984239
    },
    "silence_rate_20dB": {
        "dmean": 0,
        "dmean2": 0,
        "dvar": 0,
        "dvar2": 0,
        "max": 1,
        "mean": 1,
        "median": 1,
        "min": 1,
        "stdev": 0,
        "var": 0
    },
    "silence_rate_30dB": {
        "dmean": 0.00577941862866,
        "dmean2": 0.0115597657859,
        "dvar": 0.0057462612167,
        "dvar2": 0.0159234944731,
        "max": 1,
        "mean": 0.996468424797,
        "median": 1,
        "min": 0,
        "stdev": 0.059322014451,
        "var": 0.00351910153404
    },
    "silence_rate_60dB": {
        "dmean": 0.0113982986659,
        "dmean2": 0.0227984264493,
        "dvar": 0.0112683195621,
        "dvar2": 0.0280576758087,
        "max": 1,
        "mean": 0.0909382775426,
        "median": 0,
        "min": 0,
        "stdev": 0.287476837635,
        "var": 0.0826429352164
    },
    "spectral_centroid": {
        "dmean": 321.954406738,
        "dmean2": 509.946105957,
        "dvar": 99342.5859375,
        "dvar2": 231540.828125,
        "max": 11260.6191406,
        "mean": 1643.75915527,
        "median": 1659.08312988,
        "min": 226.7550354,
        "stdev": 676.177490234,
        "var": 457216.03125
    },
    "spectral_complexity": {
        "dmean": 3.49558520317,
        "dmean2": 5.39198827744,
        "dvar": 13.108751297,
        "dvar2": 26.7658424377,
        "max": 64,
        "mean": 23.5660972595,
        "median": 19,
        "min": 0,
        "stdev": 14.8714504242,
        "var": 221.160049438
    },
    "spectral_decrease": {
        "dmean": 3.51907281093e-09,
        "dmean2": 5.9123914653e-09,
        "dvar": 2.39970306939e-17,
        "dvar2": 6.39419414705e-17,
        "max": 7.27795444474e-29,
        "mean": -7.56392637413e-09,
        "median": -6.26564267137e-09,
        "min": -4.91519678292e-08,
        "stdev": 6.45187148152e-09,
        "var": 4.16266467169e-17
    },
    "spectral_energy": {
        "dmean": 0.0135685587302,
        "dmean2": 0.0227773729712,
        "dvar": 0.000354329356924,
        "dvar2": 0.000944066385273,
        "max": 0.189834266901,
        "mean": 0.0306491591036,
        "median": 0.0257653482258,
        "min": 1.04193947935e-20,
        "stdev": 0.0254654586315,
        "var": 0.000648489571176
    },
    "spectral_energyband_high": {
        "dmean": 0.000534025719389,
        "dmean2": 0.000817084044684,
        "dvar": 7.91320815097e-07,
        "dvar2": 1.64846267126e-06,
        "max": 0.0195490699261,
        "mean": 0.0014876347268,
        "median": 0.000974447350018,
        "min": 7.39340089952e-21,
        "stdev": 0.00169877475128,
        "var": 2.88583578367e-06
    },
    "spectral_energyband_low": {
        "dmean": 0.0107718883082,
        "dmean2": 0.0182980690151,
        "dvar": 0.000256806903053,
        "dvar2": 0.000688954722136,
        "max": 0.150988385081,
        "mean": 0.0159511864185,
        "median": 0.0104196397588,
        "min": 4.64766363771e-23,
        "stdev": 0.0186265073717,
        "var": 0.000346946791979
    },
    "spectral_energyband_middle_high": {
        "dmean": 0.00126429938246,
        "dmean2": 0.00197851262055,
        "dvar": 3.73967350242e-06,
        "dvar2": 9.61473506322e-06,
        "max": 0.0533414036036,
        "mean": 0.0047116917558,
        "median": 0.00325182033703,
        "min": 1.32878679322e-21,
        "stdev": 0.00478059751913,
        "var": 2.28541121032e-05
    },
    "spectral_energyband_middle_low": {
        "dmean": 0.00597723247483,
        "dmean2": 0.0102453567088,
        "dvar": 8.30384160508e-05,
        "dvar2": 0.000230651872698,
        "max": 0.0846217796206,
        "mean": 0.010687014088,
        "median": 0.00803656689823,
        "min": 2.4233996335e-22,
        "stdev": 0.0102421669289,
        "var": 0.000104901984741
    },
    "spectral_entropy": {
        "dmean": 0.121110074222,
        "dmean2": 0.188430801034,
        "dvar": 0.0144109576941,
        "dvar2": 0.0320824272931,
        "max": 9.81944561005,
        "mean": 7.79558181763,
        "median": 7.86144638062,
        "min": 5.8987364769,
        "stdev": 0.346049100161,
        "var": 0.119749970734
    },
    "spectral_flux": {
        "dmean": 0.0265130344778,
        "dmean2": 0.0429805926979,
        "dvar": 0.00102499395143,
        "dvar2": 0.0023278996814,
        "max": 0.351151406765,
        "mean": 0.0954694598913,
        "median": 0.0899290293455,
        "min": 6.64473059908e-11,
        "stdev": 0.0548521280289,
        "var": 0.00300875608809
    },
    "spectral_kurtosis": {
        "dmean": 1.12670564651,
        "dmean2": 1.922483325,
        "dvar": 1.7856836319,
        "dvar2": 5.23765516281,
        "max": 30.3785514832,
        "mean": 3.21627497673,
        "median": 2.48627138138,
        "min": -1.23409712315,
        "stdev": 2.5570909977,
        "var": 6.53871440887
    },
    "spectral_rms": {
        "dmean": 0.00105654809158,
        "dmean2": 0.00173532532062,
        "dvar": 1.48152594193e-06,
        "dvar2": 3.83630322176e-06,
        "max": 0.0136089734733,
        "mean": 0.00494011025876,
        "median": 0.00501367403194,
        "min": 3.18830096872e-12,
        "stdev": 0.00234453612939,
        "var": 5.49685000806e-06
    },
    "spectral_rolloff": {
        "dmean": 726.696105957,
        "dmean2": 1229.4699707,
        "dvar": 1095768.75,
        "dvar2": 2485957,
        "max": 19444.4824219,
        "mean": 1686.15759277,
        "median": 1335.05859375,
        "min": 86.1328125,
        "stdev": 1546.87719727,
        "var": 2392829.25
    },
    "spectral_skewness": {
        "dmean": 0.172500818968,
        "dmean2": 0.280144929886,
        "dvar": 0.0260309129953,
        "dvar2": 0.0675645396113,
        "max": 4.24666261673,
        "mean": 1.21759581566,
        "median": 1.1410741806,
        "min": -0.0755612254143,
        "stdev": 0.407166451216,
        "var": 0.16578450799
    },
    "spectral_spread": {
        "dmean": 460292.28125,
        "dmean2": 696779.9375,
        "dvar": 343792418816,
        "dvar2": 684843270144,
        "max": 41215184,
        "mean": 4686151,
        "median": 4726946,
        "min": 1672703.5,
        "stdev": 1658495,
        "var": 2.75060568883e+12
    },
    "spectral_strongpeak": {
        "dmean": 0.298696249723,
        "dmean2": 0.512655496597,
        "dvar": 0.17997866869,
        "dvar2": 0.481625080109,
        "max": 11.5368528366,
        "mean": 0.498002082109,
        "median": 0.378061652184,
        "min": 0,
        "stdev": 0.490068674088,
        "var": 0.240167319775
    },
    "zerocrossingrate": {
        "dmean": 0.0115269338712,
        "dmean2": 0.0140336276963,
        "dvar": 0.000159724397236,
        "dvar2": 0.000197229950572,
        "max": 0.52490234375,
        "mean": 0.0687421113253,
        "median": 0.0654296875,
        "min": 0.00732421875,
        "stdev": 0.0348482392728,
        "var": 0.00121439970098
    },
    "barkbands": {
        "dmean": [4.25512444053e-05, 0.004080504179, 0.00713125942275, 0.0029314502608, 0.00301944231614, 0.000839678454213, 0.000459387170849, 0.000433844543295, 0.000483965268359, 0.00038846192183, 0.000200059832423, 0.00026481191162, 0.000377203861717, 0.000321254803566, 0.000165121513419, 0.000140179487062, 0.000187663521501, 0.000183033072972, 0.000212802071474, 0.0001613440254, 0.000161347299581, 0.000140847507282, 0.000122478202684, 0.000116970979434, 4.25419020758e-05, 2.11831757042e-05, 5.86733267482e-06],
        "dmean2": [7.22016920918e-05, 0.0070432042703, 0.0121031189337, 0.00514859473333, 0.00520722940564, 0.00141318130773, 0.000761038216297, 0.000695085327607, 0.000787224096712, 0.000606023881119, 0.000325917731971, 0.000431768101407, 0.00063124333974, 0.000525511743035, 0.000270112534054, 0.000235956322285, 0.000311372074066, 0.000299607258057, 0.000347426830558, 0.000265961221885, 0.000265102629783, 0.000230674544582, 0.000190131846466, 0.000178548725671, 6.33208474028e-05, 3.33303505613e-05, 9.40017889661e-06],
        "dvar": [4.90413309961e-09, 3.30336588377e-05, 0.000129610169097, 2.40273839154e-05, 3.36146258633e-05, 2.9588761663e-06, 8.86972600256e-07, 1.22233495858e-06, 1.09432403406e-06, 5.58243186788e-07, 1.48896845076e-07, 4.36655795966e-07, 7.90579520071e-07, 6.5777828695e-07, 1.06821232748e-07, 7.07925451593e-08, 1.05073539203e-07, 1.19641583751e-07, 9.39121065358e-08, 6.58937580056e-08, 6.7571903628e-08, 5.36686144414e-08, 7.76995250362e-08, 1.06711851799e-07, 1.02858059847e-08, 3.04058245248e-09, 3.0658783845e-10],
        "dvar2": [1.25541266272e-08, 9.20109596336e-05, 0.000346784101566, 6.86062558088e-05, 9.21881510294e-05, 7.6851920312e-06, 2.22925086746e-06, 2.95574955089e-06, 2.86463159682e-06, 1.37852828175e-06, 3.71693261059e-07, 1.10886662696e-06, 2.1619907784e-06, 1.80307313258e-06, 2.76760772522e-07, 1.9145539909e-07, 2.79261627156e-07, 2.9514822586e-07, 2.36310953028e-07, 1.70487425066e-07, 1.77687738301e-07, 1.32151896537e-07, 1.57577247251e-07, 2.11695450503e-07, 2.19656683953e-08, 7.21595805331e-09, 7.38511363174e-10],
        "max": [0.00260174181312, 0.0779175460339, 0.125724881887, 0.0556747615337, 0.0717855170369, 0.0412559360266, 0.0277631133795, 0.0348889455199, 0.0304957106709, 0.0170319210738, 0.0105617763475, 0.0379705801606, 0.0264617893845, 0.0260456297547, 0.0106154186651, 0.00801341980696, 0.00815634988248, 0.00850188732147, 0.00620743818581, 0.00465042004362, 0.00350556941703, 0.00337622733787, 0.00879261083901, 0.0120521141216, 0.00291430135258, 0.00126878125593, 0.000568295828998],
        "mean": [4.75856795674e-05, 0.00529111316428, 0.00859152898192, 0.00319010438398, 0.00380664737895, 0.00124858599156, 0.000681999546941, 0.000647952489089, 0.000783342518844, 0.000686823099386, 0.00033196536242, 0.000446758785984, 0.000617370125838, 0.000631469243672, 0.000304002867779, 0.000276935956208, 0.000405347702326, 0.000400699442253, 0.000537771906238, 0.000434890593169, 0.000437609705841, 0.000280182051938, 0.000238302294747, 0.000209315650864, 8.44456444611e-05, 2.9876424378e-05, 6.49827825328e-06],
        "median": [1.99948626687e-05, 0.00294152647257, 0.00408878130838, 0.00142580573447, 0.00207889126614, 0.000774018466473, 0.000377858174033, 0.000219114182983, 0.000369094719645, 0.000322405685438, 0.000163928882102, 0.000169673978235, 0.000164378376212, 0.000125621678308, 0.00013323611347, 0.000124404774397, 0.00017215355183, 0.000234065330005, 0.000335225136951, 0.000185663433513, 0.000205178905162, 0.000162893091328, 0.000127795356093, 0.000102750775113, 3.72436225007e-05, 7.31150203137e-06, 7.23341599951e-07],
        "min": [4.78576825421e-24, 1.08497404549e-23, 1.13027635513e-24, 2.83505939993e-24, 2.42097877715e-23, 3.55544153822e-23, 1.61598613974e-23, 1.83590225854e-23, 3.66009024818e-23, 2.50640704894e-23, 2.69778817553e-23, 4.04025020702e-23, 6.06853213229e-23, 7.11401264542e-23, 2.93851002739e-23, 9.50527408564e-23, 1.29960555354e-22, 1.21735197358e-22, 1.463007046e-22, 2.26839692221e-22, 2.68045671212e-22, 3.46285829803e-22, 4.76725987343e-22, 7.910437149e-22, 1.13977551838e-21, 1.51341518211e-21, 2.26804240181e-21],
        "stdev": [7.69522084738e-05, 0.00661896681413, 0.012168741785, 0.00485405838117, 0.00565380556509, 0.00187697645742, 0.00107594567817, 0.00136420014314, 0.00135560391936, 0.00108222349081, 0.000527898024302, 0.000947541848291, 0.00135507097002, 0.00147765676957, 0.000507599441335, 0.000396054412704, 0.000547004281543, 0.000535216066055, 0.000562964763958, 0.000519603781868, 0.000507182325236, 0.000345813692547, 0.00043496050057, 0.000464561773697, 0.000143459750689, 6.48636269034e-05, 1.83202828339e-05],
        "var": [5.92164273172e-09, 4.38107199443e-05, 0.0001480782812, 2.35618826991e-05, 3.19655191561e-05, 3.52304050466e-06, 1.15765908504e-06, 1.86104193745e-06, 1.83766212558e-06, 1.17120771392e-06, 2.78676310472e-07, 8.97835604974e-07, 1.83621727956e-06, 2.18346963266e-06, 2.57657205793e-07, 1.56859101708e-07, 2.99213667176e-07, 2.86456213416e-07, 3.16929316568e-07, 2.69988078117e-07, 2.57233921275e-07, 1.19587113545e-07, 1.89190643596e-07, 2.15817635763e-07, 2.0580699811e-08, 4.2072896278e-09, 3.35632771575e-10]
    },
    "erbbands": {
        "dmean": [0.0479656159878, 1.20154631138, 7.09684848785, 9.20032596588, 7.88975906372, 12.5526895523, 8.96554756165, 6.80988883972, 6.799700737, 7.57509756088, 8.83844184875, 10.6512584686, 13.5016622543, 9.26560974121, 7.95877885818, 11.3431491852, 15.3916807175, 15.9676780701, 11.1879453659, 5.68318557739, 8.86078643799, 9.72182559967, 8.73640441895, 11.6212062836, 9.4807844162, 7.5393204689, 6.73994445801, 6.3097114563, 5.55968809128, 3.42268872261, 3.76279258728, 2.91780471802, 1.69570803642, 0.631112039089, 0.246664553881, 0.103072710335, 0.0381894819438, 0.00791039504111, 0.000990040367469, 5.96026402491e-05],
        "dmean2": [0.0809536874294, 2.06604552269, 12.0959348679, 15.944439888, 13.779291153, 21.7559127808, 15.1176204681, 11.6358146667, 11.4271802902, 12.0715236664, 14.2541780472, 17.4463348389, 21.0774059296, 14.6756162643, 12.6439180374, 18.6091995239, 25.6711406708, 26.0675106049, 18.153087616, 9.24156570435, 14.9567222595, 16.0173854828, 14.1545991898, 18.880405426, 15.4435453415, 12.4082870483, 11.2059192657, 10.3638381958, 9.18476390839, 5.49144554138, 5.84189987183, 4.47428274155, 2.60797262192, 0.957278847694, 0.366977602243, 0.158870592713, 0.060788501054, 0.0126680517569, 0.00158470019232, 9.43814229686e-05],
        "dvar": [0.00439375499263, 2.93696880341, 128.983688354, 213.864181519, 167.457839966, 821.27557373, 314.634307861, 246.995285034, 208.083816528, 219.77746582, 534.039855957, 606.221496582, 750.858642578, 277.499267578, 260.963775635, 688.696105957, 1276.44030762, 1640.58422852, 547.803283691, 116.422721863, 257.422393799, 306.254943848, 299.417541504, 322.398986816, 198.958236694, 145.895690918, 117.517982483, 106.161231995, 85.2030258179, 31.4443435669, 90.4256820679, 63.8363800049, 24.723154068, 2.85952925682, 0.263869434595, 0.0582825765014, 0.0114089837298, 0.000515755033121, 8.72329837875e-06, 2.09736157331e-08],
        "dvar2": [0.0115995658562, 8.18068599701, 345.689056396, 592.852905273, 476.017669678, 2250.18554688, 843.227416992, 662.958007812, 531.31829834, 512.532653809, 1352.85827637, 1624.77075195, 1828.72265625, 706.880737305, 592.227844238, 1788.12976074, 3493.5637207, 4478.59570312, 1424.07287598, 287.059051514, 715.437561035, 807.632202148, 739.905090332, 784.14263916, 511.992218018, 382.994384766, 311.531890869, 278.214111328, 214.332626343, 72.979637146, 184.858291626, 127.654533386, 52.230682373, 6.28307819366, 0.559326171875, 0.134189501405, 0.0277122203261, 0.00124548294116, 2.12703871512e-05, 4.91436900063e-08],
        "max": [0.994846582413, 21.1351470947, 103.790046692, 164.620956421, 154.100830078, 391.138549805, 465.772247314, 323.420654297, 339.433044434, 431.285827637, 518.067932129, 877.814941406, 635.872253418, 541.342224121, 695.742248535, 1046.66967773, 1132.75842285, 969.104370117, 717.526916504, 289.6769104, 437.553497314, 462.245697021, 490.673736572, 549.821899414, 273.423034668, 221.009643555, 171.550201416, 173.888244629, 153.868087769, 113.064407349, 329.616394043, 340.898529053, 179.543609619, 62.2136726379, 11.7661991119, 5.29377698898, 2.52942705154, 0.626778423786, 0.103651471436, 0.00333990086801],
        "mean": [0.0686483830214, 1.57728493214, 8.78256797791, 11.4368753433, 9.68644809723, 14.3657951355, 12.6933727264, 9.35429382324, 10.2412757874, 12.2276802063, 13.802989006, 17.5424518585, 23.4095783234, 16.6906299591, 14.5161504745, 19.9861488342, 27.290512085, 33.6071853638, 22.8654270172, 12.2630262375, 18.9125900269, 22.311416626, 20.3457546234, 28.0681037903, 25.4000148773, 20.5646762848, 17.9094638824, 15.9551706314, 10.9725923538, 6.66592311859, 7.23251581192, 5.19941711426, 2.99154424667, 1.2028273344, 0.486966669559, 0.165772750974, 0.0499345473945, 0.00923481676728, 0.00111974391621, 9.30585738388e-05],
        "median": [0.0420093536377, 0.899263441563, 4.49443483353, 5.88251018524, 5.01101541519, 6.65371894836, 7.52911233902, 5.2277803421, 6.01593971252, 5.97655534744, 5.72467660904, 8.69216060638, 10.0500154495, 8.79864501953, 7.04503393173, 8.30762958527, 8.15866088867, 6.85761833191, 8.26351070404, 6.27854442596, 8.6473274231, 9.65367221832, 11.2541532516, 19.5000782013, 12.9675045013, 8.70679092407, 8.67534255981, 8.01308059692, 6.45034503937, 3.82805800438, 3.80740404129, 2.58892679214, 1.4398522377, 0.563686490059, 0.198825374246, 0.0511121340096, 0.0106640914455, 0.00150050560478, 0.000156921931193, 4.67237950943e-05],
        "min": [2.35472884994e-22, 3.05982570221e-21, 2.14810929093e-21, 1.04626335598e-20, 2.80931150915e-20, 6.81628813369e-20, 7.37341883317e-20, 1.87315747646e-19, 4.73627592123e-19, 4.99771410865e-19, 7.88262540214e-19, 6.5393890359e-19, 8.12424899497e-19, 1.01808211061e-18, 1.66497974263e-18, 1.67733203072e-18, 2.78260332058e-18, 4.2532539355e-18, 2.62245639771e-18, 3.98418242199e-18, 6.12285334625e-18, 8.10875724627e-18, 8.94911650034e-18, 9.710109429e-18, 1.13657445122e-17, 1.09312902294e-17, 9.74108651576e-18, 1.33996592158e-17, 1.1880593306e-17, 1.23555860564e-17, 1.53071989197e-17, 1.25246932064e-17, 1.25227501592e-17, 8.71558935135e-18, 9.24335126167e-18, 5.45069258435e-18, 2.76464626346e-18, 1.16006724916e-18, 2.61758358011e-19, 3.02231051688e-20],
        "stdev": [0.083721421659, 1.95887732506, 12.1140604019, 15.6150522232, 13.2675189972, 26.4113082886, 18.9562072754, 16.0784606934, 15.8799705505, 19.7360630035, 27.7736415863, 30.2623348236, 39.4809494019, 23.1614265442, 25.4300670624, 38.0624008179, 56.5393791199, 78.9895172119, 41.183052063, 18.3653087616, 24.7023048401, 30.125, 27.8043117523, 30.4977474213, 27.8875541687, 24.4431343079, 20.6411437988, 18.5180892944, 13.5373086929, 8.6582069397, 14.4425287247, 11.5359783173, 6.68689346313, 2.22463917732, 0.784571647644, 0.312195301056, 0.119006380439, 0.0242040380836, 0.0030589401722, 0.000164322264027],
        "var": [0.00700927665457, 3.83720040321, 146.750457764, 243.829864502, 176.027053833, 697.557250977, 359.33782959, 258.516906738, 252.173461914, 389.512145996, 771.37512207, 915.808898926, 1558.7454834, 536.451721191, 646.688354492, 1448.74645996, 3196.70141602, 6239.34326172, 1696.04370117, 337.284576416, 610.203857422, 907.515625, 773.079711914, 930.112609863, 777.715637207, 597.46685791, 426.056793213, 342.919616699, 183.258728027, 74.9645462036, 208.586624146, 133.078796387, 44.7145423889, 4.94901895523, 0.615552663803, 0.0974659100175, 0.0141625190154, 0.000585835485253, 9.35711432248e-06, 2.70018087889e-08]
    },
    "gfcc": {
        "mean": [2.26080608368, 82.2977981567, -118.188560486, 47.4592704773, -58.2202682495, 15.6628732681, -31.8589572906, 7.26319074631, -25.497428894, -5.29390478134, -14.1134300232, -6.23200845718, -12.7377796173],
        "cov": [[12298.6660156, -1053.07727051, 1865.35925293, 1462.73144531, -260.136749268, 199.269744873, -400.620635986, -86.8673324585, -262.98449707, 342.506408691, -333.981689453, 62.0310287476, -258.407958984], [-1053.07727051, 1045.55603027, -263.324157715, -174.169616699, -0.158233419061, -134.416763306, 7.46663331985, -84.9462890625, 56.6945228577, -144.681091309, 92.0991363525, -73.5269622803, 48.5024490356], [1865.35925293, -263.324157715, 1228.01086426, 497.211303711, -61.141078949, 24.7343101501, -137.505905151, -24.2040748596, -64.700630188, 61.0702896118, -103.689697266, 41.5056877136, -69.356918335], [1462.73144531, -174.169616699, 497.211303711, 561.826599121, 1.05749928951, 56.0383071899, -81.6826782227, -8.590716362, -24.9601192474, 46.5049171448, -40.1684875488, -30.7242717743, -8.66785907745], [-260.136749268, -0.158233419061, -61.141078949, 1.05749928951, 249.932861328, -1.34936523438, 22.2301578522, -25.7307701111, -6.32814216614, 25.2482585907, -13.1931791306, -19.2540531158, -11.7321214676], [199.269744873, -134.416763306, 24.7343101501, 56.0383071899, -1.34936523438, 205.024337769, 73.5199432373, 30.0299777985, 0.595912873745, 8.34576416016, 14.8635129929, 5.43209886551, -7.22964096069], [-400.620635986, 7.46663331985, -137.505905151, -81.6826782227, 22.2301578522, 73.5199432373, 191.613037109, 73.2438354492, 15.2541837692, -36.4635009766, 4.54857969284, 10.0624094009, 3.05884671211], [-86.8673324585, -84.9462890625, -24.2040748596, -8.590716362, -25.7307701111, 30.0299777985, 73.2438354492, 150.039428711, 35.9002990723, -17.3534088135, -12.1272916794, 7.96647500992, 4.17152547836], [-262.98449707, 56.6945228577, -64.700630188, -24.9601192474, -6.32814216614, 0.595912873745, 15.2541837692, 35.9002990723, 84.2504043579, 10.1962842941, 13.7653636932, -9.09305953979, 9.28004074097], [342.506408691, -144.681091309, 61.0702896118, 46.5049171448, 25.2482585907, 8.34576416016, -36.4635009766, -17.3534088135, 10.1962842941, 115.874176025, 5.4853105545, 4.18655109406, -13.4465074539], [-333.981689453, 92.0991363525, -103.689697266, -40.1684875488, -13.1931791306, 14.8635129929, 4.54857969284, -12.1272916794, 13.7653636932, 5.4853105545, 90.9154434204, 14.9586105347, 14.6567640305], [62.0310287476, -73.5269622803, 41.5056877136, -30.7242717743, -19.2540531158, 5.43209886551, 10.0624094009, 7.96647500992, -9.09305953979, 4.18655109406, 14.9586105347, 78.4374847412, 12.2637739182], [-258.407958984, 48.5024490356, -69.356918335, -8.66785907745, -11.7321214676, -7.22964096069, 3.05884671211, 4.17152547836, 9.28004074097, -13.4465074539, 14.6567640305, 12.2637739182, 69.6604614258]],
        "icov": [[0.000188704492757, -0.000140949618071, 7.61021437938e-05, -0.000456407724414, 0.000279118510662, -0.000212449012906, 0.000204775846214, -9.32915863814e-05, 0.000448816310382, -0.000567159266211, 0.000737220630981, -0.000588884518947, 0.000617970712483], [-0.000140949618071, 0.00227402662858, -0.0004212273343, 0.000755891553126, -0.000376310636057, 0.00149006582797, -0.000828574062325, 0.00173349969555, -0.00211569922976, 0.00322064501233, -0.00312394602224, 0.00288725248538, -0.00135517399758], [7.61021437938e-05, -0.0004212273343, 0.00189300673082, -0.00171863066498, 0.000556826766115, -0.000355405063601, 0.000805009214673, -0.000192800041987, 0.000657903554384, -0.000759422429837, 0.00223633972928, -0.00268205814064, 0.00204700184986], [-0.000456407724414, 0.000755891553126, -0.00171863066498, 0.00464587565511, -0.00105437939055, -0.000299586972687, 0.000226862248383, -7.83629147918e-05, -0.000838497013319, 0.00128385587595, -0.00259720254689, 0.0044063446112, -0.00343611463904], [0.000279118510662, -0.000376310636057, 0.000556826766115, -0.00105437939055, 0.00505411159247, -5.36615298188e-05, -0.000994172529317, 0.000962401216384, 0.00109520484693, -0.00244421884418, 0.00230209995061, -0.000427101185778, 0.00152539368719], [-0.000212449012906, 0.00149006582797, -0.000355405063601, -0.000299586972687, -5.36615298188e-05, 0.00757669797167, -0.00382951204665, 0.000977532472461, -0.00104545033537, 0.00135064602364, -0.00394842168316, 0.00212324573658, -0.000472839659778], [0.000204775846214, -0.000828574062325, 0.000805009214673, 0.000226862248383, -0.000994172529317, -0.00382951204665, 0.00970002822578, -0.00422698678449, 0.000998983043246, 0.000840308668558, 0.0020311884582, -0.00261924578808, 0.00149144988973], [-9.32915863814e-05, 0.00173349969555, -0.000192800041987, -7.83629147918e-05, 0.000962401216384, 0.000977532472461, -0.00422698678449, 0.0113456081599, -0.00587372481823, 0.00306969578378, 7.71296035964e-05, 0.000583054148592, -0.000728877144866], [0.000448816310382, -0.00211569922976, 0.000657903554384, -0.000838497013319, 0.00109520484693, -0.00104545033537, 0.000998983043246, -0.00587372481823, 0.0178795065731, -0.00631608301774, 0.00132189854048, -7.97904940555e-05, 0.00020737676823], [-0.000567159266211, 0.00322064501233, -0.000759422429837, 0.00128385587595, -0.00244421884418, 0.00135064602364, 0.000840308668558, 0.00306969578378, -0.00631608301774, 0.0160336941481, -0.006238758564, 0.00297184218653, -0.000709049520083], [0.000737220630981, -0.00312394602224, 0.00223633972928, -0.00259720254689, 0.00230209995061, -0.00394842168316, 0.0020311884582, 7.71296035964e-05, 0.00132189854048, -0.006238758564, 0.020392967388, -0.00895168725401, 0.00260224961676], [-0.000588884518947, 0.00288725248538, -0.00268205814064, 0.0044063446112, -0.000427101185778, 0.00212324573658, -0.00261924578808, 0.000583054148592, -7.97904940555e-05, 0.00297184218653, -0.00895168725401, 0.0217966735363, -0.00745793478563], [0.000617970712483, -0.00135517399758, 0.00204700184986, -0.00343611463904, 0.00152539368719, -0.000472839659778, 0.00149144988973, -0.000728877144866, 0.00020737676823, -0.000709049520083, 0.00260224961676, -0.00745793478563, 0.019988771528]]
    },
    "melbands": {
        "dmean": [0.000763438642025, 0.00289432797581, 0.00148606742732, 0.000710638938472, 0.000370282010408, 0.000151919055497, 0.000100639110315, 8.71333759278e-05, 7.51271363697e-05, 6.82538666297e-05, 6.79605873302e-05, 3.88335356547e-05, 2.53234175034e-05, 2.88710925815e-05, 3.9314654714e-05, 3.35742042807e-05, 3.19288737956e-05, 2.13638722926e-05, 1.07511505121e-05, 7.43087775845e-06, 1.27411794892e-05, 1.15646034828e-05, 8.89792954695e-06, 8.74339002621e-06, 1.05890185296e-05, 8.44821624923e-06, 6.84523638483e-06, 5.19127706866e-06, 4.48168475486e-06, 4.76044033348e-06, 3.86297961086e-06, 3.65468827113e-06, 2.38589586843e-06, 1.8610880943e-06, 2.28832527682e-06, 2.23099482355e-06, 1.79924791155e-06, 1.42168062212e-06, 7.46230568893e-07, 5.00419332639e-07],
        "dmean2": [0.00130439852364, 0.00493481615558, 0.00256386352703, 0.00123269518372, 0.000626323686447, 0.000257876934484, 0.000167990365298, 0.000138565315865, 0.000121346492961, 0.000111255838419, 0.000106333085569, 6.16042525508e-05, 4.08454252465e-05, 4.64761251351e-05, 6.69687142363e-05, 5.55562546651e-05, 5.23025228176e-05, 3.49459769495e-05, 1.76402172656e-05, 1.22430474221e-05, 2.16938387894e-05, 1.92696297745e-05, 1.47673736137e-05, 1.41588379847e-05, 1.73358639586e-05, 1.39257072078e-05, 1.13268088171e-05, 8.66466143634e-06, 7.51853713155e-06, 7.90890680946e-06, 6.46001808491e-06, 6.08524942436e-06, 3.92684569306e-06, 3.01886234411e-06, 3.61252000403e-06, 3.5183768432e-06, 2.77950175587e-06, 2.21184791371e-06, 1.17061074434e-06, 7.71253155563e-07],
        "dvar": [1.11455074148e-06, 2.02435712708e-05, 5.65462687518e-06, 1.82119765668e-06, 5.61335752991e-07, 1.10867119929e-07, 4.35332339066e-08, 3.27158602431e-08, 3.26455236177e-08, 2.5808994053e-08, 1.90770546027e-08, 5.17096720998e-09, 2.44838638253e-09, 6.20545037577e-09, 9.69795710404e-09, 7.30302796015e-09, 6.83159662174e-09, 2.37142261383e-09, 4.48616754856e-10, 2.26333285447e-10, 5.01211516735e-10, 4.46087333739e-10, 3.10296704997e-10, 2.76333206317e-10, 2.69396865926e-10, 1.58597121547e-10, 1.24746366015e-10, 6.86559420426e-11, 5.05008708462e-11, 5.93316645814e-11, 4.47692403982e-11, 3.79116391058e-11, 1.59704645342e-11, 9.91680175477e-12, 3.62976038115e-11, 3.42295844447e-11, 2.9499267612e-11, 1.84422008914e-11, 6.20884897315e-12, 1.54784084855e-12],
        "dvar2": [3.04400055029e-06, 5.4513951909e-05, 1.56994647114e-05, 4.99452380609e-06, 1.53213716203e-06, 2.93954229846e-07, 1.10595593128e-07, 7.57213669544e-08, 8.40327061269e-08, 6.84907419668e-08, 4.64995295602e-08, 1.31457316144e-08, 5.82957859763e-09, 1.54254085061e-08, 2.73245372995e-08, 1.94917788576e-08, 1.87076896196e-08, 6.30206686836e-09, 1.14233189574e-09, 5.80884840229e-10, 1.41542055854e-09, 1.1794264454e-09, 8.25692236806e-10, 6.63545773882e-10, 6.68459454456e-10, 4.09752620723e-10, 3.29079014039e-10, 1.83675852305e-10, 1.35044073146e-10, 1.59422516854e-10, 1.19502283069e-10, 9.71281111095e-11, 3.96847138484e-11, 2.37247790857e-11, 8.04168537316e-11, 7.18103562725e-11, 6.30645188848e-11, 3.86546281095e-11, 1.53352313487e-11, 3.3843407677e-12],
        "max": [0.0162325873971, 0.0407152958214, 0.0237672179937, 0.0167114194483, 0.0157323051244, 0.00708145648241, 0.00478288391605, 0.00551327364519, 0.00399237358943, 0.00576786417514, 0.00322416448034, 0.00222755759023, 0.00153860880528, 0.00537633011118, 0.00209072278813, 0.00349677959457, 0.00211876700632, 0.00178705528378, 0.000596179394051, 0.000439604045823, 0.000469424237963, 0.000597372709308, 0.00042120431317, 0.00044935187907, 0.000489496684168, 0.000261377019342, 0.00021734625625, 0.000143394310726, 0.000106709616375, 0.000111339271825, 0.000117422583571, 0.000109074731881, 7.0366768341e-05, 7.22363911336e-05, 0.000237149870372, 0.000224795279792, 0.000262046611169, 0.000182923176908, 0.000127913459437, 2.83679546556e-05],
        "mean": [0.00104838050902, 0.00382756162435, 0.00195058819372, 0.000848463561852, 0.000504636438563, 0.000217158216401, 0.000153500179294, 0.000138390707434, 0.000115973205538, 0.00011115745292, 0.000115147180622, 6.64099643473e-05, 4.41141528427e-05, 5.00824462506e-05, 5.90379240748e-05, 6.03553271503e-05, 6.31150978734e-05, 3.95119313907e-05, 1.99876631086e-05, 1.44059631566e-05, 2.46428735409e-05, 2.41500383709e-05, 1.85384851648e-05, 1.87789628399e-05, 2.33445352933e-05, 1.96214677999e-05, 1.68272126757e-05, 1.26420991364e-05, 1.0479505363e-05, 1.15511820695e-05, 8.42442750582e-06, 6.75079763823e-06, 4.24572453994e-06, 3.41523355019e-06, 4.17903947891e-06, 3.90983723264e-06, 2.97794576909e-06, 2.36849814428e-06, 1.30513467411e-06, 9.1864683327e-07],
        "median": [0.000622834078968, 0.00218193884939, 0.00106712046545, 0.000440882140538, 0.00029070005985, 0.000128325496917, 8.9713736088e-05, 6.11520954408e-05, 5.01254253322e-05, 5.27293414052e-05, 4.81255665363e-05, 3.28958194586e-05, 2.16986027226e-05, 2.08689725696e-05, 2.11479782593e-05, 1.4000785086e-05, 1.14913964353e-05, 1.31431897898e-05, 9.14741758606e-06, 7.30557121642e-06, 1.04343380372e-05, 1.02003350548e-05, 8.02556314738e-06, 1.10598630272e-05, 1.56592705025e-05, 1.12848692879e-05, 6.27841654932e-06, 5.39178563486e-06, 5.45231432625e-06, 4.63976675746e-06, 4.48551963927e-06, 3.77516380468e-06, 2.39304631577e-06, 1.8492567051e-06, 2.13783619074e-06, 1.96445557776e-06, 1.38221560064e-06, 1.09599989173e-06, 6.20381626959e-07, 4.01282875373e-07],
        "min": [3.2179683418e-24, 2.55844729566e-24, 1.6810545032e-24, 5.38574351542e-24, 3.84015555952e-24, 4.7561346943e-24, 6.91572740818e-24, 3.97376926978e-24, 7.66065586073e-24, 3.8403922178e-24, 3.93265305053e-24, 4.17550309135e-24, 4.60232101728e-24, 6.39927555632e-24, 5.4771369956e-24, 7.87110343986e-24, 7.61872080387e-24, 4.53849625359e-24, 2.35349452717e-24, 5.57367345444e-24, 5.9329002003e-24, 7.48904469283e-24, 4.64093023657e-24, 6.48547833174e-24, 6.84953882279e-24, 5.25154328709e-24, 7.16069632939e-24, 5.41349209219e-24, 5.67782123773e-24, 5.7439680135e-24, 8.2076441238e-24, 7.02649294561e-24, 4.99488186955e-24, 6.51920450202e-24, 8.77992405636e-24, 7.39719682877e-24, 7.06582791693e-24, 8.77867371182e-24, 6.0688343449e-24, 7.63790590109e-24],
        "stdev": [0.00127668457571, 0.00493673561141, 0.00255500990897, 0.00130648433696, 0.000760297174565, 0.000350476941094, 0.00023340396001, 0.000239957735175, 0.000221094916924, 0.000199834714294, 0.000198184410692, 9.83904246823e-05, 7.37689915695e-05, 0.000109553751827, 0.000116541734315, 0.000145286496263, 0.000152938999236, 7.85426309449e-05, 3.33890202455e-05, 2.27844229812e-05, 3.29473368765e-05, 3.38520621881e-05, 2.69850406767e-05, 2.60683991655e-05, 2.64516529569e-05, 2.16333501157e-05, 2.10236266867e-05, 1.53183973453e-05, 1.22199871839e-05, 1.42018079714e-05, 1.01631421785e-05, 8.63724108058e-06, 5.63145704291e-06, 4.58881095255e-06, 8.50683409226e-06, 8.43403995532e-06, 7.25696600057e-06, 5.70454858462e-06, 2.83545819002e-06, 1.66697645909e-06],
        "var": [1.62992353125e-06, 2.43713602686e-05, 6.52807557344e-06, 1.70690145751e-06, 5.78051754019e-07, 1.22834080685e-07, 5.4477407474e-08, 5.75797116653e-08, 4.88829599021e-08, 3.99339157298e-08, 3.92770580504e-08, 9.68067581653e-09, 5.44186429252e-09, 1.20020242633e-08, 1.35819764324e-08, 2.11081641055e-08, 2.33903385549e-08, 6.16894446637e-09, 1.11482667542e-09, 5.19129961241e-10, 1.0855268906e-09, 1.14596199197e-09, 7.28192395272e-10, 6.79561462658e-10, 6.99689972627e-10, 4.68001803977e-10, 4.41992858979e-10, 2.34653296793e-10, 1.49328091559e-10, 2.01691358059e-10, 1.03289453379e-10, 7.460193574e-11, 3.17133090622e-11, 2.10571855092e-11, 7.23662310631e-11, 7.11330230829e-11, 5.26635575426e-11, 3.25418754443e-11, 8.03982314751e-12, 2.77881060176e-12]
    },
    "melbands128": {
